0.367	-2.64909510994116e-10
0.400	-2.64909510994116e-10
0.433	-2.64909510994116e-10
0.467	-5.29819021988231e-10
0.500	-2.64909510994116e-10
0.533	-2.64909510994116e-10
0.567	-2.64909510994116e-10
0.600	-5.29819021988231e-10
0.633	-2.64909510994116e-10
0.667	-2.64909510994116e-10
0.700	-2.64909510994116e-10
0.733	-2.64909510994116e-10
0.767	-2.64909510994116e-10
0.800	-2.64909510994116e-10
0.833	-2.64909510994116e-10
0.867	0
0.900	0
0.933	0
0.967	0
1.000	0
1.033	-2.64909510994116e-10
1.067	-5.29819021988231e-10
1.100	-2.64909510994116e-10
1.133	0
1.167	0
1.200	-2.64909510994116e-10
1.233	0
1.267	-2.64909510994116e-10
1.300	-2.64909510994116e-10
1.333	0
1.367	0
1.400	0
1.433	-2.64909510994116e-10
1.467	-7.94728505226772e-10
1.500	-7.94728505226772e-10
1.533	-5.29819021988231e-10
1.567	-2.64909510994116e-10
1.600	-2.64909510994116e-10
1.633	0
1.667	-2.64909510994116e-10
1.700	-2.64909510994116e-10
1.733	-2.64909510994116e-10
1.767	0
1.800	2.64909510994116e-10
1.833	0
1.867	0
1.900	-2.64909510994116e-10
1.933	-2.64909510994116e-10
1.967	0
2.000	-2.64909510994116e-10
2.033	0
2.067	0
2.100	-2.64909510994116e-10
2.133	0
2.167	-2.64909510994116e-10
2.200	-2.64909510994116e-10
2.233	0
2.267	0
2.300	0
2.333	-2.64909510994116e-10
2.367	-5.29819021988231e-10
2.400	-2.64909510994116e-10
2.433	-5.29819021988231e-10
2.467	-5.29819021988231e-10
2.500	-2.64909510994116e-10
2.533	-2.64909510994116e-10
2.567	-5.29819021988231e-10
2.600	-5.29819021988231e-10
2.633	-2.64909510994116e-10
2.667	-2.64909510994116e-10
2.700	-2.64909510994116e-10
2.733	-2.64909510994116e-10
2.767	-2.64909510994116e-10
2.800	-2.64909510994116e-10
2.833	-2.64909510994116e-10
2.867	0
2.900	0
2.933	-2.64909510994116e-10
2.967	-2.64909510994116e-10
3.000	-2.64909510994116e-10
3.033	0
3.067	0
3.100	0
3.133	0
3.167	-5.29819021988231e-10
3.200	-2.64909510994116e-10
3.233	-2.64909510994116e-10
3.267	-2.64909510994116e-10
3.300	0
3.333	-2.64909510994116e-10
3.367	-2.64909510994116e-10
3.400	-2.64909510994116e-10
3.433	-2.64909510994116e-10
3.467	-2.64909510994116e-10
3.500	-2.64909510994116e-10
3.533	-5.29819021988231e-10
3.567	-5.29819021988231e-10
3.600	-5.29819021988231e-10
3.633	-2.64909510994116e-10
3.667	-2.64909510994116e-10
3.700	-2.64909510994116e-10
3.733	-2.64909510994116e-10
3.767	-2.64909510994116e-10
3.800	-2.64909510994116e-10
3.833	-2.64909510994116e-10
3.867	-2.64909510994116e-10
3.900	-2.64909510994116e-10
3.933	-2.64909510994116e-10
3.967	-2.64909510994116e-10
4.000	-2.64909510994116e-10
4.033	-2.64909510994116e-10
4.067	-2.64909510994116e-10
4.100	-5.29819021988231e-10
4.133	-2.64909510994116e-10
4.167	-2.64909510994116e-10
4.200	-2.64909510994116e-10
4.233	-2.64909510994116e-10
4.267	-2.64909510994116e-10
4.300	-2.64909510994116e-10
4.333	-2.64909510994116e-10
4.367	0
4.400	0
4.433	-5.29819021988231e-10
4.467	-5.29819021988231e-10
4.500	-7.94728505226772e-10
4.533	-5.29819021988231e-10
4.567	-5.29819021988231e-10
4.600	-5.29819021988231e-10
4.633	-2.64909510994116e-10
4.667	-5.29819021988231e-10
4.700	-5.29819021988231e-10
4.733	-5.29819021988231e-10
4.767	-5.29819021988231e-10
4.800	-5.29819021988231e-10
4.833	-2.64909510994116e-10
4.867	-2.64909510994116e-10
4.900	-2.64909510994116e-10
4.933	-2.64909510994116e-10
4.967	-2.64909510994116e-10
5.000	-2.64909510994116e-10
5.033	-5.29819021988231e-10
5.067	-2.64909510994116e-10
5.100	-2.64909510994116e-10
5.133	-2.64909510994116e-10
5.167	-2.64909510994116e-10
5.200	0
5.233	0
5.267	0
5.300	0
5.333	-2.64909510994116e-10
5.367	-5.29819021988231e-10
5.400	-2.64909510994116e-10
5.433	-2.64909510994116e-10
5.467	-2.64909510994116e-10
5.500	-5.29819021988231e-10
5.533	-5.29819021988231e-10
5.567	-7.94728505226772e-10
5.600	-5.29819021988231e-10
5.633	-2.64909510994116e-10
5.667	-2.64909510994116e-10
5.700	0
5.733	-2.64909510994116e-10
5.767	-2.64909510994116e-10
5.800	-2.64909510994116e-10
5.833	-2.64909510994116e-10
5.867	-2.64909510994116e-10
5.900	0
5.933	0
5.967	-2.64909510994116e-10
6.000	-2.64909510994116e-10
6.033	-2.64909510994116e-10
6.067	-2.64909510994116e-10
6.100	-2.64909510994116e-10
6.133	-2.64909510994116e-10
6.167	-2.64909510994116e-10
6.200	-2.64909510994116e-10
6.233	0
6.267	0
6.300	0
6.333	0
6.367	-2.64909510994116e-10
6.400	-2.64909510994116e-10
6.433	-5.29819021988231e-10
6.467	-5.29819021988231e-10
6.500	-5.29819021988231e-10
6.533	-5.29819021988231e-10
6.567	-5.29819021988231e-10
6.600	-5.29819021988231e-10
6.633	-5.29819021988231e-10
6.667	-5.29819021988231e-10
6.700	-5.29819021988231e-10
6.733	-2.64909510994116e-10
6.767	-2.64909510994116e-10
6.800	-2.64909510994116e-10
6.833	0
6.867	-2.64909510994116e-10
6.900	-5.29819021988231e-10
6.933	-2.64909510994116e-10
6.967	-2.64909510994116e-10
7.000	-2.64909510994116e-10
7.033	-2.64909510994116e-10
7.067	-5.29819021988231e-10
7.100	-5.29819021988231e-10
7.133	-5.29819021988231e-10
7.167	-2.64909510994116e-10
7.200	-2.64909510994116e-10
7.233	0
7.267	-2.64909510994116e-10
7.300	0
7.333	-2.64909510994116e-10
7.367	-5.29819021988231e-10
7.400	-5.29819021988231e-10
7.433	-5.29819021988231e-10
7.467	-5.29819021988231e-10
7.500	-5.29819021988231e-10
7.533	-5.29819021988231e-10
7.567	-7.94728505226772e-10
7.600	-7.94728505226772e-10
7.633	-2.64909510994116e-10
7.667	-2.64909510994116e-10
7.700	0
7.733	0
7.767	-2.64909510994116e-10
7.800	-2.64909510994116e-10
7.833	-2.64909510994116e-10
7.867	-2.64909510994116e-10
7.900	-2.64909510994116e-10
7.933	0
7.967	-2.64909510994116e-10
8.000	-2.64909510994116e-10
8.033	-5.29819021988231e-10
8.067	-5.29819021988231e-10
8.100	-2.64909510994116e-10
8.133	-2.64909510994116e-10
8.167	-2.64909510994116e-10
8.200	-2.64909510994116e-10
8.233	0
8.267	0
8.300	-2.64909510994116e-10
8.333	0
8.367	0
8.400	0
8.433	0
8.467	-2.64909510994116e-10
8.500	-5.29819021988231e-10
8.533	-7.94728505226772e-10
8.567	-5.29819021988231e-10
8.600	-2.64909510994116e-10
8.633	-2.64909510994116e-10
8.667	-2.64909510994116e-10
8.700	-2.64909510994116e-10
8.733	-2.64909510994116e-10
8.767	-5.29819021988231e-10
8.800	-2.64909510994116e-10
8.833	-2.64909510994116e-10
8.867	-2.64909510994116e-10
8.900	-2.64909510994116e-10
8.933	-2.64909510994116e-10
8.967	-2.64909510994116e-10
9.000	-2.64909510994116e-10
9.033	0
9.067	0
9.100	-2.64909510994116e-10
9.133	-2.64909510994116e-10
9.167	-2.64909510994116e-10
9.200	-2.64909510994116e-10
9.233	0
9.267	0
9.300	-2.64909510994116e-10
9.333	0
9.367	-2.64909510994116e-10
9.400	-2.64909510994116e-10
9.433	-7.94728505226772e-10
9.467	-7.94728505226772e-10
9.500	-5.29819021988231e-10
9.533	-2.64909510994116e-10
9.567	-2.64909510994116e-10
9.600	-2.64909510994116e-10
9.633	-2.64909510994116e-10
9.667	-5.29819021988231e-10
9.700	-5.29819021988231e-10
9.733	-2.64909510994116e-10
9.767	-2.64909510994116e-10
9.800	-2.64909510994116e-10
9.833	-2.64909510994116e-10
9.867	-2.64909510994116e-10
9.900	-5.29819021988231e-10
9.933	-5.29819021988231e-10
9.967	-5.29819021988231e-10
10.000	-5.29819021988231e-10
10.033	-5.29819021988231e-10
10.067	-2.64909510994116e-10
10.100	-2.64909510994116e-10
10.133	-2.64909510994116e-10
10.167	-5.29819021988231e-10
10.200	-5.29819021988231e-10
10.233	-2.64909510994116e-10
10.267	-2.64909510994116e-10
10.300	0
10.333	-2.64909510994116e-10
10.367	-2.64909510994116e-10
10.400	-2.64909510994116e-10
10.433	-2.64909510994116e-10
10.467	-2.64909510994116e-10
10.500	-2.64909510994116e-10
10.533	-2.64909510994116e-10
10.567	-5.29819021988231e-10
10.600	-5.29819021988231e-10
10.633	-5.29819021988231e-10
10.667	-2.64909510994116e-10
10.700	-2.64909510994116e-10
10.733	0
10.767	-2.64909510994116e-10
10.800	-2.64909510994116e-10
10.833	-5.29819021988231e-10
10.867	-5.29819021988231e-10
10.900	-5.29819021988231e-10
10.933	-2.64909510994116e-10
10.967	-2.64909510994116e-10
11.000	-2.64909510994116e-10
11.033	-2.64909510994116e-10
11.067	-5.29819021988231e-10
11.100	-5.29819021988231e-10
11.133	-2.64909510994116e-10
11.167	-2.64909510994116e-10
11.200	-2.64909510994116e-10
11.233	0
11.267	-2.64909510994116e-10
11.300	-5.29819021988231e-10
11.333	-5.29819021988231e-10
11.367	-2.64909510994116e-10
11.400	0
11.433	-2.64909510994116e-10
11.467	-5.29819021988231e-10
11.500	-7.94728505226772e-10
11.533	-7.94728505226772e-10
11.567	-5.29819021988231e-10
11.600	-2.64909510994116e-10
11.633	0
11.667	-2.64909510994116e-10
11.700	-2.64909510994116e-10
11.733	-5.29819021988231e-10
11.767	-7.94728505226772e-10
11.800	-5.29819021988231e-10
11.833	-2.64909510994116e-10
11.867	-2.64909510994116e-10
11.900	0
11.933	-2.64909510994116e-10
11.967	-2.64909510994116e-10
12.000	-2.64909510994116e-10
12.033	-2.64909510994116e-10
12.067	-2.64909510994116e-10
12.100	-2.64909510994116e-10
12.133	-2.64909510994116e-10
12.167	-5.29819021988231e-10
12.200	-5.29819021988231e-10
12.233	-2.64909510994116e-10
12.267	-5.29819021988231e-10
12.300	0
12.333	2.64909510994116e-10
12.367	0
12.400	-2.64909510994116e-10
12.433	-5.29819021988231e-10
12.467	-5.29819021988231e-10
12.500	-5.29819021988231e-10
12.533	-2.64909510994116e-10
12.567	-2.64909510994116e-10
12.600	-2.64909510994116e-10
12.633	-5.29819021988231e-10
12.667	-5.29819021988231e-10
12.700	-2.64909510994116e-10
12.733	-2.64909510994116e-10
12.767	-2.64909510994116e-10
12.800	-2.64909510994116e-10
12.833	-2.64909510994116e-10
12.867	-5.29819021988231e-10
12.900	-2.64909510994116e-10
12.933	-2.64909510994116e-10
12.967	-2.64909510994116e-10
13.000	0
13.033	0
13.067	-2.64909510994116e-10
13.100	-2.64909510994116e-10
13.133	-2.64909510994116e-10
13.167	-5.29819021988231e-10
13.200	-2.64909510994116e-10
13.233	2.64909510994116e-10
13.267	0
13.300	0
13.333	0
13.367	-2.64909510994116e-10
13.400	-2.64909510994116e-10
13.433	-5.29819021988231e-10
13.467	-5.29819021988231e-10
13.500	-5.29819021988231e-10
13.533	-5.29819021988231e-10
13.567	-7.94728505226772e-10
13.600	-5.29819021988231e-10
13.633	-2.64909510994116e-10
13.667	-5.29819021988231e-10
13.700	-2.64909510994116e-10
13.733	-2.64909510994116e-10
13.767	-5.29819021988231e-10
13.800	-5.29819021988231e-10
13.833	-5.29819021988231e-10
13.867	-2.64909510994116e-10
13.900	-2.64909510994116e-10
13.933	-2.64909510994116e-10
13.967	-2.64909510994116e-10
14.000	-2.64909510994116e-10
14.033	-2.64909510994116e-10
14.067	-2.64909510994116e-10
14.100	-5.29819021988231e-10
14.133	-5.29819021988231e-10
14.167	-2.64909510994116e-10
14.200	-2.64909510994116e-10
14.233	0
14.267	-2.64909510994116e-10
14.300	-2.64909510994116e-10
14.333	-2.64909510994116e-10
14.367	-2.64909510994116e-10
14.400	0
14.433	-2.64909510994116e-10
14.467	-5.29819021988231e-10
14.500	-5.29819021988231e-10
14.533	-2.64909510994116e-10
14.567	-2.64909510994116e-10
14.600	-2.64909510994116e-10
14.633	-2.64909510994116e-10
14.667	-2.64909510994116e-10
14.700	-2.64909510994116e-10
14.733	-2.64909510994116e-10
14.767	-2.64909510994116e-10
14.800	-2.64909510994116e-10
14.833	-2.64909510994116e-10
14.867	-2.64909510994116e-10
14.900	-2.64909510994116e-10
14.933	0
14.967	-2.64909510994116e-10
15.000	-2.64909510994116e-10
15.033	-2.64909510994116e-10
15.067	-5.29819021988231e-10
15.100	-2.64909510994116e-10
15.133	0
15.167	0
15.200	0
15.233	0
15.267	0
15.300	0
15.333	2.64909510994116e-10
15.367	0
15.400	-2.64909510994116e-10
15.433	-2.64909510994116e-10
15.467	-5.29819021988231e-10
15.500	-5.29819021988231e-10
15.533	-5.29819021988231e-10
15.567	-5.29819021988231e-10
15.600	-5.29819021988231e-10
15.633	-5.29819021988231e-10
15.667	-5.29819021988231e-10
15.700	-5.29819021988231e-10
15.733	-5.29819021988231e-10
15.767	-5.29819021988231e-10
15.800	-2.64909510994116e-10
15.833	0
15.867	-2.64909510994116e-10
15.900	-2.64909510994116e-10
15.933	-2.64909510994116e-10
15.967	-5.29819021988231e-10
16.000	-2.64909510994116e-10
16.033	0
16.067	0
16.100	0
16.133	-2.64909510994116e-10
16.167	-5.29819021988231e-10
16.200	-5.29819021988231e-10
16.233	-2.64909510994116e-10
16.267	0
16.300	0
16.333	0
16.367	-2.64909510994116e-10
16.400	-5.29819021988231e-10
16.433	-5.29819021988231e-10
16.467	-7.94728505226772e-10
16.500	-5.29819021988231e-10
16.533	-5.29819021988231e-10
16.567	-5.29819021988231e-10
16.600	-2.64909510994116e-10
16.633	-2.64909510994116e-10
16.667	-2.64909510994116e-10
16.700	-2.64909510994116e-10
16.733	0
16.767	-2.64909510994116e-10
16.800	-2.64909510994116e-10
16.833	-2.64909510994116e-10
16.867	-5.29819021988231e-10
16.900	-5.29819021988231e-10
16.933	-2.64909510994116e-10
16.967	0
17.000	0
17.033	0
17.067	-2.64909510994116e-10
17.100	-2.64909510994116e-10
17.133	-2.64909510994116e-10
17.167	-2.64909510994116e-10
17.200	0
17.233	2.64909510994116e-10
17.267	0
17.300	0
17.333	0
17.367	-2.64909510994116e-10
17.400	-2.64909510994116e-10
17.433	-2.64909510994116e-10
17.467	-2.64909510994116e-10
17.500	-2.64909510994116e-10
17.533	-2.64909510994116e-10
17.567	-5.29819021988231e-10
17.600	-2.64909510994116e-10
17.633	-2.64909510994116e-10
17.667	-2.64909510994116e-10
17.700	-2.64909510994116e-10
17.733	-2.64909510994116e-10
17.767	-2.64909510994116e-10
17.800	-2.64909510994116e-10
17.833	-2.64909510994116e-10
17.867	-2.64909510994116e-10
17.900	0
17.933	0
17.967	-2.64909510994116e-10
18.000	-2.64909510994116e-10
18.033	-2.64909510994116e-10
18.067	-2.64909510994116e-10
18.100	0
18.133	0
18.167	-2.64909510994116e-10
18.200	-2.64909510994116e-10
18.233	-2.64909510994116e-10
18.267	0
18.300	0
18.333	0
18.367	0
18.400	-2.64909510994116e-10
18.433	-2.64909510994116e-10
18.467	-2.64909510994116e-10
18.500	-2.64909510994116e-10
18.533	-5.29819021988231e-10
18.567	-5.29819021988231e-10
18.600	-5.29819021988231e-10
18.633	-2.64909510994116e-10
18.667	-2.64909510994116e-10
18.700	0
18.733	0
18.767	-2.64909510994116e-10
18.800	-2.64909510994116e-10
18.833	0
18.867	0
18.900	-2.64909510994116e-10
18.933	-2.64909510994116e-10
18.967	-2.64909510994116e-10
19.000	0
19.033	-2.64909510994116e-10
19.067	-2.64909510994116e-10
19.100	-2.64909510994116e-10
19.133	-2.64909510994116e-10
19.167	-2.64909510994116e-10
19.200	-2.64909510994116e-10
19.233	0
19.267	0
19.300	0
19.333	0
19.367	0
19.400	-2.64909510994116e-10
19.433	-2.64909510994116e-10
19.467	-5.29819021988231e-10
19.500	-7.94728505226772e-10
19.533	-5.29819021988231e-10
19.567	-5.29819021988231e-10
19.600	-5.29819021988231e-10
19.633	-2.64909510994116e-10
19.667	-5.29819021988231e-10
19.700	-5.29819021988231e-10
19.733	-5.29819021988231e-10
19.767	-5.29819021988231e-10
19.800	-2.64909510994116e-10
19.833	-2.64909510994116e-10
19.867	-2.64909510994116e-10
19.900	-2.64909510994116e-10
19.933	0
19.967	-2.64909510994116e-10
20.000	-2.64909510994116e-10
20.033	-2.64909510994116e-10
20.067	0
20.100	0
20.133	-2.64909510994116e-10
20.167	-2.64909510994116e-10
20.200	-2.64909510994116e-10
20.233	2.64909510994116e-10
20.267	0
20.300	0
20.333	0
20.367	-2.64909510994116e-10
20.400	-2.64909510994116e-10
20.433	-5.29819021988231e-10
20.467	-5.29819021988231e-10
20.500	-5.29819021988231e-10
20.533	-2.64909510994116e-10
20.567	-5.29819021988231e-10
20.600	-5.29819021988231e-10
20.633	-5.29819021988231e-10
20.667	-5.29819021988231e-10
20.700	-2.64909510994116e-10
20.733	0
20.767	-2.64909510994116e-10
20.800	-2.64909510994116e-10
20.833	-2.64909510994116e-10
20.867	-2.64909510994116e-10
20.900	-2.64909510994116e-10
20.933	-2.64909510994116e-10
20.967	-2.64909510994116e-10
21.000	-5.29819021988231e-10
21.033	-2.64909510994116e-10
21.067	-2.64909510994116e-10
21.100	0
21.133	-2.64909510994116e-10
21.167	-2.64909510994116e-10
21.200	0
21.233	0
21.267	0
21.300	0
21.333	2.64909510994116e-10
21.367	0
21.400	0
21.433	-2.64909510994116e-10
21.467	-5.29819021988231e-10
21.500	-5.29819021988231e-10
21.533	-5.29819021988231e-10
21.567	-5.29819021988231e-10
21.600	-5.29819021988231e-10
21.633	-2.64909510994116e-10
21.667	-2.64909510994116e-10
21.700	-5.29819021988231e-10
21.733	-5.29819021988231e-10
21.767	-2.64909510994116e-10
21.800	-2.64909510994116e-10
21.833	-2.64909510994116e-10
21.867	-2.64909510994116e-10
21.900	-2.64909510994116e-10
21.933	-2.64909510994116e-10
21.967	-2.64909510994116e-10
22.000	-2.64909510994116e-10
22.033	-2.64909510994116e-10
22.067	-5.29819021988231e-10
22.100	-5.29819021988231e-10
22.133	-2.64909510994116e-10
22.167	-2.64909510994116e-10
22.200	0
22.233	2.64909510994116e-10
22.267	0
22.300	-2.64909510994116e-10
22.333	-2.64909510994116e-10
22.367	0
22.400	-2.64909510994116e-10
22.433	-5.29819021988231e-10
22.467	-5.29819021988231e-10
22.500	-7.94728505226772e-10
22.533	-5.29819021988231e-10
22.567	-5.29819021988231e-10
22.600	-5.29819021988231e-10
22.633	-5.29819021988231e-10
22.667	-5.29819021988231e-10
22.700	-2.64909510994116e-10
22.733	-2.64909510994116e-10
22.767	-2.64909510994116e-10
22.800	-2.64909510994116e-10
22.833	-2.64909510994116e-10
22.867	-2.64909510994116e-10
22.900	-2.64909510994116e-10
22.933	0
22.967	0
23.000	-2.64909510994116e-10
23.033	-2.64909510994116e-10
23.067	-2.64909510994116e-10
23.100	-2.64909510994116e-10
23.133	0
23.167	0
23.200	-2.64909510994116e-10
23.233	-2.64909510994116e-10
23.267	-2.64909510994116e-10
23.300	-2.64909510994116e-10
23.333	0
23.367	-2.64909510994116e-10
23.400	-2.64909510994116e-10
23.433	-2.64909510994116e-10
23.467	-5.29819021988231e-10
23.500	-5.29819021988231e-10
23.533	-2.64909510994116e-10
23.567	-2.64909510994116e-10
23.600	-2.64909510994116e-10
23.633	-2.64909510994116e-10
23.667	-5.29819021988231e-10
23.700	-5.29819021988231e-10
23.733	-2.64909510994116e-10
23.767	-2.64909510994116e-10
23.800	-2.64909510994116e-10
23.833	-2.64909510994116e-10
23.867	-5.29819021988231e-10
23.900	-5.29819021988231e-10
23.933	-5.29819021988231e-10
23.967	-5.29819021988231e-10
24.000	-2.64909510994116e-10
24.033	-2.64909510994116e-10
24.067	0
24.100	-2.64909510994116e-10
24.133	-2.64909510994116e-10
24.167	-5.29819021988231e-10
24.200	-2.64909510994116e-10
24.233	2.64909510994116e-10
24.267	0
24.300	0
24.333	0
24.367	0
24.400	0
24.433	-2.64909510994116e-10
24.467	-5.29819021988231e-10
24.500	-5.29819021988231e-10
24.533	-2.64909510994116e-10
24.567	-2.64909510994116e-10
24.600	-2.64909510994116e-10
24.633	-2.64909510994116e-10
24.667	-5.29819021988231e-10
24.700	-5.29819021988231e-10
24.733	-2.64909510994116e-10
24.767	0
24.800	0
24.833	0
24.867	-2.64909510994116e-10
24.900	-2.64909510994116e-10
24.933	-2.64909510994116e-10
24.967	-2.64909510994116e-10
25.000	-2.64909510994116e-10
25.033	0
25.067	0
25.100	-2.64909510994116e-10
25.133	-2.64909510994116e-10
25.167	-2.64909510994116e-10
25.200	-2.64909510994116e-10
25.233	0
25.267	0
25.300	-2.64909510994116e-10
25.333	-2.64909510994116e-10
25.367	-2.64909510994116e-10
25.400	0
25.433	-2.64909510994116e-10
25.467	-5.29819021988231e-10
25.500	-5.29819021988231e-10
25.533	-5.29819021988231e-10
25.567	-5.29819021988231e-10
25.600	-5.29819021988231e-10
25.633	-2.64909510994116e-10
25.667	0
25.700	-2.64909510994116e-10
25.733	-2.64909510994116e-10
25.767	-5.29819021988231e-10
25.800	-5.29819021988231e-10
25.833	-2.64909510994116e-10
25.867	-2.64909510994116e-10
25.900	0
25.933	-2.64909510994116e-10
25.967	-2.64909510994116e-10
26.000	-2.64909510994116e-10
26.033	-2.64909510994116e-10
26.067	-2.64909510994116e-10
26.100	-2.64909510994116e-10
26.133	0
26.167	0
26.200	0
26.233	-2.64909510994116e-10
26.267	-2.64909510994116e-10
26.300	-2.64909510994116e-10
26.333	0
26.367	-2.64909510994116e-10
26.400	-2.64909510994116e-10
26.433	-5.29819021988231e-10
26.467	-7.94728505226772e-10
26.500	-7.94728505226772e-10
26.533	-7.94728505226772e-10
26.567	-7.94728505226772e-10
26.600	-5.29819021988231e-10
26.633	-2.64909510994116e-10
26.667	-2.64909510994116e-10
26.700	-5.29819021988231e-10
26.733	-5.29819021988231e-10
26.767	-5.29819021988231e-10
26.800	0
26.833	0
26.867	-2.64909510994116e-10
26.900	-2.64909510994116e-10
26.933	-5.29819021988231e-10
26.967	-5.29819021988231e-10
27.000	-2.64909510994116e-10
27.033	0
27.067	0
27.100	-2.64909510994116e-10
27.133	-2.64909510994116e-10
27.167	-5.29819021988231e-10
27.200	-2.64909510994116e-10
27.233	0
27.267	0
27.300	0
27.333	0
27.367	-2.64909510994116e-10
27.400	-2.64909510994116e-10
27.433	-2.64909510994116e-10
27.467	-5.29819021988231e-10
27.500	-2.64909510994116e-10
27.533	0
27.567	-2.64909510994116e-10
27.600	-2.64909510994116e-10
27.633	-2.64909510994116e-10
27.667	-5.29819021988231e-10
27.700	-5.29819021988231e-10
27.733	0
27.767	0
27.800	0
27.833	-2.64909510994116e-10
27.867	-5.29819021988231e-10
27.900	-5.29819021988231e-10
27.933	-5.29819021988231e-10
27.967	0
28.000	0
28.033	-2.64909510994116e-10
28.067	-2.64909510994116e-10
28.100	-5.29819021988231e-10
28.133	-2.64909510994116e-10
28.167	-2.64909510994116e-10
28.200	0
28.233	2.64909510994116e-10
28.267	0
28.300	0
28.333	0
28.367	-2.64909510994116e-10
28.400	-2.64909510994116e-10
28.433	-2.64909510994116e-10
28.467	-5.29819021988231e-10
28.500	-2.64909510994116e-10
28.533	-5.29819021988231e-10
28.567	-7.94728505226772e-10
28.600	-7.94728505226772e-10
28.633	-5.29819021988231e-10
28.667	-2.64909510994116e-10
28.700	0
28.733	0
28.767	-5.29819021988231e-10
28.800	-5.29819021988231e-10
28.833	-5.29819021988231e-10
28.867	-2.64909510994116e-10
28.900	0
28.933	0
28.967	-2.64909510994116e-10
29.000	-5.29819021988231e-10
29.033	-2.64909510994116e-10
29.067	-2.64909510994116e-10
29.100	-2.64909510994116e-10
29.133	0
29.167	0
29.200	-2.64909510994116e-10
29.233	0
29.267	-2.64909510994116e-10
29.300	-2.64909510994116e-10
29.333	-2.64909510994116e-10
29.367	-2.64909510994116e-10
29.400	0
29.433	-2.64909510994116e-10
29.467	-5.29819021988231e-10
29.500	-5.29819021988231e-10
29.533	-5.29819021988231e-10
29.567	-5.29819021988231e-10
29.600	-2.64909510994116e-10
29.633	0
29.667	-2.64909510994116e-10
29.700	-5.29819021988231e-10
29.733	-2.64909510994116e-10
29.767	-2.64909510994116e-10
29.800	-2.64909510994116e-10
29.833	0
29.867	-2.64909510994116e-10
29.900	-5.29819021988231e-10
29.933	-5.29819021988231e-10
29.967	-2.64909510994116e-10
30.000	-2.64909510994116e-10
30.033	-2.64909510994116e-10
30.067	-2.64909510994116e-10
30.100	0
30.133	0
30.167	-2.64909510994116e-10
30.200	-2.64909510994116e-10
30.233	-2.64909510994116e-10
30.267	-2.64909510994116e-10
30.300	0
30.333	0
30.367	0
30.400	-2.64909510994116e-10
30.433	-2.64909510994116e-10
30.467	-5.29819021988231e-10
30.500	-5.29819021988231e-10
30.533	-2.64909510994116e-10
30.567	-2.64909510994116e-10
30.600	-5.29819021988231e-10
30.633	-5.29819021988231e-10
30.667	-5.29819021988231e-10
30.700	-5.29819021988231e-10
30.733	-2.64909510994116e-10
30.767	-2.64909510994116e-10
30.800	-2.64909510994116e-10
30.833	-2.64909510994116e-10
30.867	-5.29819021988231e-10
30.900	-2.64909510994116e-10
30.933	-2.64909510994116e-10
30.967	-2.64909510994116e-10
31.000	-2.64909510994116e-10
31.033	-2.64909510994116e-10
31.067	-2.64909510994116e-10
31.100	-2.64909510994116e-10
31.133	-2.64909510994116e-10
31.167	-5.29819021988231e-10
31.200	-5.29819021988231e-10
31.233	-2.64909510994116e-10
31.267	-2.64909510994116e-10
31.300	-2.64909510994116e-10
31.333	-2.64909510994116e-10
31.367	-5.29819021988231e-10
31.400	-5.29819021988231e-10
31.433	-7.94728505226772e-10
31.467	-5.29819021988231e-10
31.500	-5.29819021988231e-10
31.533	-5.29819021988231e-10
31.567	-7.94728505226772e-10
31.600	-7.94728505226772e-10
31.633	-7.94728505226772e-10
31.667	-7.94728505226772e-10
31.700	-7.94728505226772e-10
31.733	-7.94728505226772e-10
31.767	-1.05963804397646e-09
31.800	-7.94728505226772e-10
31.833	-1.05963804397646e-09
31.867	-1.05963804397646e-09
31.900	-1.05963804397646e-09
31.933	-7.94728505226772e-10
31.967	0
32.000	2.11927608795293e-09
32.033	3.97364230408925e-09
32.067	5.03328045908802e-09
32.100	5.8280091863594e-09
32.133	6.88764689726895e-09
32.167	7.41746619681294e-09
32.200	7.15255676908555e-09
32.233	6.62273746954156e-09
32.267	6.62273746954156e-09
32.300	6.35782804181417e-09
32.333	6.35782804181417e-09
32.367	6.35782804181417e-09
32.400	6.35782804181417e-09
32.433	6.09291861408678e-09
32.467	6.09291861408678e-09
32.500	6.09291861408678e-09
32.533	6.09291861408678e-09
32.567	6.09291861408678e-09
32.600	5.8280091863594e-09
32.633	6.09291861408678e-09
32.667	5.8280091863594e-09
32.700	6.09291861408678e-09
32.733	5.8280091863594e-09
32.767	5.8280091863594e-09
32.800	5.8280091863594e-09
32.833	5.8280091863594e-09
32.867	5.8280091863594e-09
32.900	5.8280091863594e-09
32.933	4.76837103136063e-09
32.967	2.9140045931797e-09
33.000	7.94728505226772e-10
33.033	-5.29819021988231e-10
33.067	-1.58945701045354e-09
33.100	-2.11927608795293e-09
33.133	-2.6490949434077e-09
33.167	-3.17891402090709e-09
33.200	-2.9140045931797e-09
33.233	-2.6490949434077e-09
33.267	-3.17891402090709e-09
33.300	-3.17891402090709e-09
33.333	-2.6490949434077e-09
33.367	-2.9140045931797e-09
33.400	-3.17891402090709e-09
33.433	-3.17891402090709e-09
33.467	-3.17891402090709e-09
33.500	-3.44382344863448e-09
33.533	-3.44382344863448e-09
33.567	-2.9140045931797e-09
33.600	-3.17891402090709e-09
33.633	-3.17891402090709e-09
33.667	-2.9140045931797e-09
33.700	-2.9140045931797e-09
33.733	-3.44382344863448e-09
33.767	-3.17891402090709e-09
33.800	-2.9140045931797e-09
33.833	-3.17891402090709e-09
33.867	-3.17891402090709e-09
33.900	-2.9140045931797e-09
33.933	-2.9140045931797e-09
33.967	-3.44382344863448e-09
34.000	-3.17891402090709e-09
34.033	-2.9140045931797e-09
34.067	-3.17891402090709e-09
34.100	-3.17891402090709e-09
34.133	-2.6490949434077e-09
34.167	-3.17891402090709e-09
34.200	-3.44382344863448e-09
34.233	-2.9140045931797e-09
34.267	-2.6490949434077e-09
34.300	-2.9140045931797e-09
34.333	-2.9140045931797e-09
34.367	-2.6490949434077e-09
34.400	-3.17891402090709e-09
34.433	-3.44382344863448e-09
34.467	-3.44382344863448e-09
34.500	-3.44382344863448e-09
34.533	-3.44382344863448e-09
34.567	-3.17891402090709e-09
34.600	-2.9140045931797e-09
34.633	-3.17891402090709e-09
34.667	-3.44382344863448e-09
34.700	-3.17891402090709e-09
34.733	-3.17891402090709e-09
34.767	-3.44382344863448e-09
34.800	-2.9140045931797e-09
34.833	-2.6490949434077e-09
34.867	-3.44382344863448e-09
34.900	-3.17891402090709e-09
34.933	-2.9140045931797e-09
34.967	-3.17891402090709e-09
35.000	-3.17891402090709e-09
35.033	-2.9140045931797e-09
35.067	-3.17891402090709e-09
35.100	-3.44382344863448e-09
35.133	-3.17891402090709e-09
35.167	-2.9140045931797e-09
35.200	-3.44382344863448e-09
35.233	-2.9140045931797e-09
35.267	-2.6490949434077e-09
35.300	-2.9140045931797e-09
35.333	-3.17891402090709e-09
35.367	-3.17891402090709e-09
35.400	-3.17891402090709e-09
35.433	-3.44382344863448e-09
35.467	-3.70873309840647e-09
35.500	-3.17891402090709e-09
35.533	-3.17891402090709e-09
35.567	-3.44382344863448e-09
35.600	-3.17891402090709e-09
35.633	-3.17891402090709e-09
35.667	-3.44382344863448e-09
35.700	-3.17891402090709e-09
35.733	-2.6490949434077e-09
35.767	-3.17891402090709e-09
35.800	-3.44382344863448e-09
35.833	-2.9140045931797e-09
35.867	-3.17891402090709e-09
35.900	-3.17891402090709e-09
35.933	-2.9140045931797e-09
35.967	-2.9140045931797e-09
36.000	-3.44382344863448e-09
36.033	-3.17891402090709e-09
36.067	-2.9140045931797e-09
36.100	-3.17891402090709e-09
36.133	-3.17891402090709e-09
36.167	-2.9140045931797e-09
36.200	-2.9140045931797e-09
36.233	-2.9140045931797e-09
36.267	-2.9140045931797e-09
36.300	-2.6490949434077e-09
36.333	-3.17891402090709e-09
36.367	-3.44382344863448e-09
36.400	-2.9140045931797e-09
36.433	-3.17891402090709e-09
36.467	-3.70873309840647e-09
36.500	-3.17891402090709e-09
36.533	-3.17891402090709e-09
36.567	-3.70873309840647e-09
36.600	-3.44382344863448e-09
36.633	-2.9140045931797e-09
36.667	-3.17891402090709e-09
36.700	-3.44382344863448e-09
36.733	-2.9140045931797e-09
36.767	-3.17891402090709e-09
36.800	-3.44382344863448e-09
36.833	-3.17891402090709e-09
36.867	-2.9140045931797e-09
36.900	-3.17891402090709e-09
36.933	-3.44382344863448e-09
36.967	-3.17891402090709e-09
37.000	-3.17891402090709e-09
37.033	-3.17891402090709e-09
37.067	-3.17891402090709e-09
37.100	-2.9140045931797e-09
37.133	-3.17891402090709e-09
37.167	-3.44382344863448e-09
37.200	-2.9140045931797e-09
37.233	-2.9140045931797e-09
37.267	-3.44382344863448e-09
37.300	-2.9140045931797e-09
37.333	-2.9140045931797e-09
37.367	-3.44382344863448e-09
37.400	-3.44382344863448e-09
37.433	-3.17891402090709e-09
37.467	-3.70873309840647e-09
37.500	-3.70873309840647e-09
37.533	-3.17891402090709e-09
37.567	-3.17891402090709e-09
37.600	-3.44382344863448e-09
37.633	-3.17891402090709e-09
37.667	-2.9140045931797e-09
37.700	-3.44382344863448e-09
37.733	-3.17891402090709e-09
37.767	-2.9140045931797e-09
37.800	-2.9140045931797e-09
37.833	-3.44382344863448e-09
37.867	-3.17891402090709e-09
37.900	-2.9140045931797e-09
37.933	-3.17891402090709e-09
37.967	-3.44382344863448e-09
38.000	-2.9140045931797e-09
38.033	-3.17891402090709e-09
38.067	-3.44382344863448e-09
38.100	-2.9140045931797e-09
38.133	-2.9140045931797e-09
38.167	-3.44382344863448e-09
38.200	-3.17891402090709e-09
38.233	-2.9140045931797e-09
38.267	-2.9140045931797e-09
38.300	-3.17891402090709e-09
38.333	-2.9140045931797e-09
38.367	-3.17891402090709e-09
38.400	-3.70873309840647e-09
38.433	-3.44382344863448e-09
38.467	-3.44382344863448e-09
38.500	-3.44382344863448e-09
38.533	-3.44382344863448e-09
38.567	-3.17891402090709e-09
38.600	-3.44382344863448e-09
38.633	-3.70873309840647e-09
38.667	-3.17891402090709e-09
38.700	-3.17891402090709e-09
38.733	-3.17891402090709e-09
38.767	-3.44382344863448e-09
38.800	-2.9140045931797e-09
38.833	-3.17891402090709e-09
38.867	-3.44382344863448e-09
38.900	-2.9140045931797e-09
38.933	-3.17891402090709e-09
38.967	-3.44382344863448e-09
39.000	-2.9140045931797e-09
39.033	-2.9140045931797e-09
39.067	-3.17891402090709e-09
39.100	-2.9140045931797e-09
39.133	-2.9140045931797e-09
39.167	-3.17891402090709e-09
39.200	-3.17891402090709e-09
39.233	-2.6490949434077e-09
39.267	-2.6490949434077e-09
39.300	-3.17891402090709e-09
39.333	-2.9140045931797e-09
39.367	-2.9140045931797e-09
39.400	-3.44382344863448e-09
39.433	-3.44382344863448e-09
39.467	-2.9140045931797e-09
39.500	-3.17891402090709e-09
39.533	-3.44382344863448e-09
39.567	-3.17891402090709e-09
39.600	-3.17891402090709e-09
39.633	-3.44382344863448e-09
39.667	-3.17891402090709e-09
39.700	-2.9140045931797e-09
39.733	-3.17891402090709e-09
39.767	-3.17891402090709e-09
39.800	-2.9140045931797e-09
39.833	-3.17891402090709e-09
39.867	-3.44382344863448e-09
39.900	-2.9140045931797e-09
39.933	-2.6490949434077e-09
39.967	-3.17891402090709e-09
40.000	-2.9140045931797e-09
40.033	-2.6490949434077e-09
40.067	-3.17891402090709e-09
40.100	-3.44382344863448e-09
40.133	-2.9140045931797e-09
40.167	-2.9140045931797e-09
40.200	-3.17891402090709e-09
40.233	-2.9140045931797e-09
40.267	-2.6490949434077e-09
40.300	-3.17891402090709e-09
40.333	-3.17891402090709e-09
40.367	-2.9140045931797e-09
40.400	-2.6490949434077e-09
40.433	-3.17891402090709e-09
40.467	-3.44382344863448e-09
40.500	-3.17891402090709e-09
40.533	-3.17891402090709e-09
40.567	-3.44382344863448e-09
40.600	-2.9140045931797e-09
40.633	-2.9140045931797e-09
40.667	-3.44382344863448e-09
40.700	-3.17891402090709e-09
40.733	-2.9140045931797e-09
40.767	-3.44382344863448e-09
40.800	-3.44382344863448e-09
40.833	-2.9140045931797e-09
40.867	-3.17891402090709e-09
40.900	-3.44382344863448e-09
40.933	-2.9140045931797e-09
40.967	-2.9140045931797e-09
41.000	-3.44382344863448e-09
41.033	-3.44382344863448e-09
41.067	-2.9140045931797e-09
41.100	-2.9140045931797e-09
41.133	-3.17891402090709e-09
41.167	-2.9140045931797e-09
41.200	-2.9140045931797e-09
41.233	-3.17891402090709e-09
41.267	-3.44382344863448e-09
41.300	-2.6490949434077e-09
41.333	-2.9140045931797e-09
41.367	-3.44382344863448e-09
41.400	-3.17891402090709e-09
41.433	-3.17891402090709e-09
41.467	-3.70873309840647e-09
41.500	-3.44382344863448e-09
41.533	-2.9140045931797e-09
41.567	-3.17891402090709e-09
41.600	-3.44382344863448e-09
41.633	-2.9140045931797e-09
41.667	-2.9140045931797e-09
41.700	-3.44382344863448e-09
41.733	-3.44382344863448e-09
41.767	-2.9140045931797e-09
41.800	-3.17891402090709e-09
41.833	-3.17891402090709e-09
41.867	-2.9140045931797e-09
41.900	-2.9140045931797e-09
41.933	-3.44382344863448e-09
41.967	-3.17891402090709e-09
42.000	-2.9140045931797e-09
42.033	-3.17891402090709e-09
42.067	-3.17891402090709e-09
42.100	-2.9140045931797e-09
42.133	-3.17891402090709e-09
42.167	-3.44382344863448e-09
42.200	-2.9140045931797e-09
42.233	-2.6490949434077e-09
42.267	-3.17891402090709e-09
42.300	-2.6490949434077e-09
42.333	-2.9140045931797e-09
42.367	-3.17891402090709e-09
42.400	-3.17891402090709e-09
42.433	-3.17891402090709e-09
42.467	-3.44382344863448e-09
42.500	-3.44382344863448e-09
42.533	-3.17891402090709e-09
42.567	-3.17891402090709e-09
42.600	-3.44382344863448e-09
42.633	-3.17891402090709e-09
42.667	-3.17891402090709e-09
42.700	-3.17891402090709e-09
42.733	-3.17891402090709e-09
42.767	-2.9140045931797e-09
42.800	-2.9140045931797e-09
42.833	-3.44382344863448e-09
42.867	-3.17891402090709e-09
42.900	-3.17891402090709e-09
42.933	-3.17891402090709e-09
42.967	-3.17891402090709e-09
43.000	-2.9140045931797e-09
43.033	-3.17891402090709e-09
43.067	-3.44382344863448e-09
43.100	-2.9140045931797e-09
43.133	-3.17891402090709e-09
43.167	-3.17891402090709e-09
43.200	-2.9140045931797e-09
43.233	-2.6490949434077e-09
43.267	-3.17891402090709e-09
43.300	-3.17891402090709e-09
43.333	-2.9140045931797e-09
43.367	-3.44382344863448e-09
43.400	-3.17891402090709e-09
43.433	-2.9140045931797e-09
43.467	-3.44382344863448e-09
43.500	-3.70873309840647e-09
43.533	-3.17891402090709e-09
43.567	-3.17891402090709e-09
43.600	-3.44382344863448e-09
43.633	-3.17891402090709e-09
43.667	-2.9140045931797e-09
43.700	-3.17891402090709e-09
43.733	-3.17891402090709e-09
43.767	-2.9140045931797e-09
43.800	-2.9140045931797e-09
43.833	-3.44382344863448e-09
43.867	-3.17891402090709e-09
43.900	-2.9140045931797e-09
43.933	-3.17891402090709e-09
43.967	-3.17891402090709e-09
44.000	-2.9140045931797e-09
44.033	-3.17891402090709e-09
44.067	-3.44382344863448e-09
44.100	-2.9140045931797e-09
44.133	-2.9140045931797e-09
44.167	-3.44382344863448e-09
44.200	-3.44382344863448e-09
44.233	-2.9140045931797e-09
44.267	-3.17891402090709e-09
44.300	-3.44382344863448e-09
44.333	-2.9140045931797e-09
44.367	-3.17891402090709e-09
44.400	-3.44382344863448e-09
44.433	-3.70873309840647e-09
44.467	-3.44382344863448e-09
44.500	-3.70873309840647e-09
44.533	-3.70873309840647e-09
44.567	-3.17891402090709e-09
44.600	-3.17891402090709e-09
44.633	-3.44382344863448e-09
44.667	-3.44382344863448e-09
44.700	-3.17891402090709e-09
44.733	-3.44382344863448e-09
44.767	-3.44382344863448e-09
44.800	-2.9140045931797e-09
44.833	-3.17891402090709e-09
44.867	-3.17891402090709e-09
44.900	-3.17891402090709e-09
44.933	-3.17891402090709e-09
44.967	-3.70873309840647e-09
45.000	-3.44382344863448e-09
45.033	-2.9140045931797e-09
45.067	-3.44382344863448e-09
45.100	-3.44382344863448e-09
45.133	-2.9140045931797e-09
45.167	-3.17891402090709e-09
45.200	-3.44382344863448e-09
45.233	-3.44382344863448e-09
45.267	-3.44382344863448e-09
45.300	-3.70873309840647e-09
45.333	-3.70873309840647e-09
45.367	-3.70873309840647e-09
45.400	-3.70873309840647e-09
45.433	-3.97364230408925e-09
45.467	-3.97364230408925e-09
45.500	-3.97364230408925e-09
45.533	-4.23855217590585e-09
45.567	-5.03328045908802e-09
45.600	-5.8280091863594e-09
45.633	-6.35782804181417e-09
45.667	-6.88764689726895e-09
45.700	-7.41746619681294e-09
45.733	-7.41746619681294e-09
45.767	-7.15255676908555e-09
45.800	-7.15255676908555e-09
45.833	-7.15255676908555e-09
45.867	-7.41746619681294e-09
45.900	-7.41746619681294e-09
45.933	-7.15255676908555e-09
45.967	-6.88764689726895e-09
46.000	-6.88764689726895e-09
46.033	-7.15255676908555e-09
46.067	-7.41746619681294e-09
46.100	-7.41746619681294e-09
46.133	-7.41746619681294e-09
46.167	-7.41746619681294e-09
46.200	-7.15255676908555e-09
46.233	-6.88764689726895e-09
46.267	-7.15255676908555e-09
46.300	-7.15255676908555e-09
46.333	-7.15255676908555e-09
46.367	-7.41746619681294e-09
46.400	-7.68237562454033e-09
46.433	-7.41746619681294e-09
46.467	-7.41746619681294e-09
46.500	-7.41746619681294e-09
46.533	-7.41746619681294e-09
46.567	-7.41746619681294e-09
46.600	-7.41746619681294e-09
46.633	-7.15255676908555e-09
46.667	-7.15255676908555e-09
46.700	-7.15255676908555e-09
46.733	-7.15255676908555e-09
46.767	-7.41746619681294e-09
46.800	-7.41746619681294e-09
46.833	-7.41746619681294e-09
46.867	-7.41746619681294e-09
46.900	-7.15255676908555e-09
46.933	-7.15255676908555e-09
46.967	-7.15255676908555e-09
47.000	-7.41746619681294e-09
47.033	-7.41746619681294e-09
47.067	-7.41746619681294e-09
47.100	-7.15255676908555e-09
47.133	-7.15255676908555e-09
47.167	-7.15255676908555e-09
47.200	-7.15255676908555e-09
47.233	-7.15255676908555e-09
47.267	-7.15255676908555e-09
47.300	-7.15255676908555e-09
47.333	-7.15255676908555e-09
47.367	-7.15255676908555e-09
47.400	-7.15255676908555e-09
47.433	-7.15255676908555e-09
47.467	-7.41746619681294e-09
47.500	-7.41746619681294e-09
47.533	-7.41746619681294e-09
47.567	-7.68237562454033e-09
47.600	-7.41746619681294e-09
47.633	-7.15255676908555e-09
47.667	-7.41746619681294e-09
47.700	-7.41746619681294e-09
47.733	-7.41746619681294e-09
47.767	-7.41746619681294e-09
47.800	-7.41746619681294e-09
47.833	-7.15255676908555e-09
47.867	-6.88764689726895e-09
47.900	-6.88764689726895e-09
47.933	-6.88764689726895e-09
47.967	-7.15255676908555e-09
48.000	-7.41746619681294e-09
48.033	-7.15255676908555e-09
48.067	-7.15255676908555e-09
48.100	-7.15255676908555e-09
48.133	-7.15255676908555e-09
48.167	-7.15255676908555e-09
48.200	-7.41746619681294e-09
48.233	-7.15255676908555e-09
48.267	-7.15255676908555e-09
48.300	-7.15255676908555e-09
48.333	-6.88764689726895e-09
48.367	-6.88764689726895e-09
48.400	-7.15255676908555e-09
48.433	-7.41746619681294e-09
48.467	-7.68237562454033e-09
48.500	-7.41746619681294e-09
48.533	-7.15255676908555e-09
48.567	-7.15255676908555e-09
48.600	-7.15255676908555e-09
48.633	-7.15255676908555e-09
48.667	-7.41746619681294e-09
48.700	-7.41746619681294e-09
48.733	-7.15255676908555e-09
48.767	-6.88764689726895e-09
48.800	-6.88764689726895e-09
48.833	-7.15255676908555e-09
48.867	-7.41746619681294e-09
48.900	-7.41746619681294e-09
48.933	-7.41746619681294e-09
48.967	-7.41746619681294e-09
49.000	-7.15255676908555e-09
49.033	-7.15255676908555e-09
49.067	-7.15255676908555e-09
49.100	-7.41746619681294e-09
49.133	-7.15255676908555e-09
49.167	-7.15255676908555e-09
49.200	-7.41746619681294e-09
49.233	-6.88764689726895e-09
49.267	-6.88764689726895e-09
49.300	-7.15255676908555e-09
49.333	-7.15255676908555e-09
49.367	-7.41746619681294e-09
49.400	-7.41746619681294e-09
49.433	-7.41746619681294e-09
49.467	-7.41746619681294e-09
49.500	-7.68237562454033e-09
49.533	-7.68237562454033e-09
49.567	-7.94728460817851e-09
49.600	-7.68237562454033e-09
49.633	-7.68237562454033e-09
49.667	-7.41746619681294e-09
49.700	-7.41746619681294e-09
49.733	-7.15255676908555e-09
49.767	-7.41746619681294e-09
49.800	-7.41746619681294e-09
49.833	-7.41746619681294e-09
49.867	-7.15255676908555e-09
49.900	-7.41746619681294e-09
49.933	-7.15255676908555e-09
49.967	-7.15255676908555e-09
50.000	-7.15255676908555e-09
50.033	-7.15255676908555e-09
50.067	-7.15255676908555e-09
50.100	-7.15255676908555e-09
50.133	-7.15255676908555e-09
50.167	-7.15255676908555e-09
50.200	-6.88764689726895e-09
50.233	-6.88764689726895e-09
50.267	-6.88764689726895e-09
50.300	-7.15255676908555e-09
50.333	-7.15255676908555e-09
50.367	-7.15255676908555e-09
50.400	-7.15255676908555e-09
50.433	-7.15255676908555e-09
50.467	-7.68237562454033e-09
50.500	-7.68237562454033e-09
50.533	-7.68237562454033e-09
50.567	-7.68237562454033e-09
50.600	-7.41746619681294e-09
50.633	-7.15255676908555e-09
50.667	-7.15255676908555e-09
50.700	-7.41746619681294e-09
50.733	-7.15255676908555e-09
50.767	-7.15255676908555e-09
50.800	-7.15255676908555e-09
50.833	-7.15255676908555e-09
50.867	-7.15255676908555e-09
50.900	-6.88764689726895e-09
50.933	-7.15255676908555e-09
50.967	-7.15255676908555e-09
51.000	-7.15255676908555e-09
51.033	-7.41746619681294e-09
51.067	-7.41746619681294e-09
51.100	-7.15255676908555e-09
51.133	-7.15255676908555e-09
51.167	-7.15255676908555e-09
51.200	-7.41746619681294e-09
51.233	-7.41746619681294e-09
51.267	-7.15255676908555e-09
51.300	-7.15255676908555e-09
51.333	-6.88764689726895e-09
51.367	-6.88764689726895e-09
51.400	-7.15255676908555e-09
51.433	-7.41746619681294e-09
51.467	-7.68237562454033e-09
51.500	-7.68237562454033e-09
51.533	-7.68237562454033e-09
51.567	-7.41746619681294e-09
51.600	-7.15255676908555e-09
51.633	-7.15255676908555e-09
51.667	-7.41746619681294e-09
51.700	-7.41746619681294e-09
51.733	-7.41746619681294e-09
51.767	-7.41746619681294e-09
51.800	-7.15255676908555e-09
51.833	-6.88764689726895e-09
51.867	-7.15255676908555e-09
51.900	-7.15255676908555e-09
51.933	-7.15255676908555e-09
51.967	-7.41746619681294e-09
52.000	-7.41746619681294e-09
52.033	-7.15255676908555e-09
52.067	-6.88764689726895e-09
52.100	-6.88764689726895e-09
52.133	-6.88764689726895e-09
52.167	-7.15255676908555e-09
52.200	-7.41746619681294e-09
52.233	-7.15255676908555e-09
52.267	-6.88764689726895e-09
52.300	-6.88764689726895e-09
52.333	-6.88764689726895e-09
52.367	-7.15255676908555e-09
52.400	-7.41746619681294e-09
52.433	-7.68237562454033e-09
52.467	-7.68237562454033e-09
52.500	-7.41746619681294e-09
52.533	-7.41746619681294e-09
52.567	-7.41746619681294e-09
52.600	-7.41746619681294e-09
52.633	-7.41746619681294e-09
52.667	-7.41746619681294e-09
52.700	-7.15255676908555e-09
52.733	-6.88764689726895e-09
52.767	-6.88764689726895e-09
52.800	-7.15255676908555e-09
52.833	-7.15255676908555e-09
52.867	-7.15255676908555e-09
52.900	-7.15255676908555e-09
52.933	-7.15255676908555e-09
52.967	-7.15255676908555e-09
53.000	-7.15255676908555e-09
53.033	-7.15255676908555e-09
53.067	-7.41746619681294e-09
53.100	-7.41746619681294e-09
53.133	-7.15255676908555e-09
53.167	-7.41746619681294e-09
53.200	-7.15255676908555e-09
53.233	-6.88764689726895e-09
53.267	-7.15255676908555e-09
53.300	-6.88764689726895e-09
53.333	-7.15255676908555e-09
53.367	-7.15255676908555e-09
53.400	-7.41746619681294e-09
53.433	-7.41746619681294e-09
53.467	-7.41746619681294e-09
53.500	-7.41746619681294e-09
53.533	-7.41746619681294e-09
53.567	-7.41746619681294e-09
53.600	-7.41746619681294e-09
53.633	-7.41746619681294e-09
53.667	-7.41746619681294e-09
53.700	-7.41746619681294e-09
53.733	-7.15255676908555e-09
53.767	-7.41746619681294e-09
53.800	-7.41746619681294e-09
53.833	-7.15255676908555e-09
53.867	-7.41746619681294e-09
53.900	-7.15255676908555e-09
53.933	-7.15255676908555e-09
53.967	-7.15255676908555e-09
54.000	-7.15255676908555e-09
54.033	-7.15255676908555e-09
54.067	-7.41746619681294e-09
54.100	-7.15255676908555e-09
54.133	-7.15255676908555e-09
54.167	-7.15255676908555e-09
54.200	-7.15255676908555e-09
54.233	-7.15255676908555e-09
54.267	-7.15255676908555e-09
54.300	-7.15255676908555e-09
54.333	-7.15255676908555e-09
54.367	-7.41746619681294e-09
54.400	-7.15255676908555e-09
54.433	-7.41746619681294e-09
54.467	-7.41746619681294e-09
54.500	-7.41746619681294e-09
54.533	-7.41746619681294e-09
54.567	-7.41746619681294e-09
54.600	-7.41746619681294e-09
54.633	-7.15255676908555e-09
54.667	-7.41746619681294e-09
54.700	-7.41746619681294e-09
54.733	-7.15255676908555e-09
54.767	-7.15255676908555e-09
54.800	-7.41746619681294e-09
54.833	-7.15255676908555e-09
54.867	-7.15255676908555e-09
54.900	-7.15255676908555e-09
54.933	-7.15255676908555e-09
54.967	-7.15255676908555e-09
55.000	-7.41746619681294e-09
55.033	-7.41746619681294e-09
55.067	-7.15255676908555e-09
55.100	-7.15255676908555e-09
55.133	-7.41746619681294e-09
55.167	-7.15255676908555e-09
55.200	-7.15255676908555e-09
55.233	-7.15255676908555e-09
55.267	-7.15255676908555e-09
55.300	-7.41746619681294e-09
55.333	-7.15255676908555e-09
55.367	-7.15255676908555e-09
55.400	-7.41746619681294e-09
55.433	-7.41746619681294e-09
55.467	-7.41746619681294e-09
55.500	-7.68237562454033e-09
55.533	-7.41746619681294e-09
55.567	-7.41746619681294e-09
55.600	-7.41746619681294e-09
55.633	-7.41746619681294e-09
55.667	-7.41746619681294e-09
55.700	-7.41746619681294e-09
55.733	-7.41746619681294e-09
55.767	-7.41746619681294e-09
55.800	-7.15255676908555e-09
55.833	-7.15255676908555e-09
55.867	-7.15255676908555e-09
55.900	-7.41746619681294e-09
55.933	-7.41746619681294e-09
55.967	-7.41746619681294e-09
56.000	-7.15255676908555e-09
56.033	-7.15255676908555e-09
56.067	-7.15255676908555e-09
56.100	-7.41746619681294e-09
56.133	-7.15255676908555e-09
56.167	-7.41746619681294e-09
56.200	-7.15255676908555e-09
56.233	-6.88764689726895e-09
56.267	-7.15255676908555e-09
56.300	-7.15255676908555e-09
56.333	-7.15255676908555e-09
56.367	-7.15255676908555e-09
56.400	-7.15255676908555e-09
56.433	-7.41746619681294e-09
56.467	-7.68237562454033e-09
56.500	-7.68237562454033e-09
56.533	-7.68237562454033e-09
56.567	-7.68237562454033e-09
56.600	-7.68237562454033e-09
56.633	-7.68237562454033e-09
56.667	-7.68237562454033e-09
56.700	-7.68237562454033e-09
56.733	-7.41746619681294e-09
56.767	-7.41746619681294e-09
56.800	-7.15255676908555e-09
56.833	-7.41746619681294e-09
56.867	-7.41746619681294e-09
56.900	-7.41746619681294e-09
56.933	-7.15255676908555e-09
56.967	-7.15255676908555e-09
57.000	-7.41746619681294e-09
57.033	-7.15255676908555e-09
57.067	-7.41746619681294e-09
57.100	-7.15255676908555e-09
57.133	-7.41746619681294e-09
57.167	-7.41746619681294e-09
57.200	-7.15255676908555e-09
57.233	-7.15255676908555e-09
57.267	-7.15255676908555e-09
57.300	-7.15255676908555e-09
57.333	-7.15255676908555e-09
57.367	-7.41746619681294e-09
57.400	-7.41746619681294e-09
57.433	-7.41746619681294e-09
57.467	-7.41746619681294e-09
57.500	-7.41746619681294e-09
57.533	-7.41746619681294e-09
57.567	-7.68237562454033e-09
57.600	-7.68237562454033e-09
57.633	-7.41746619681294e-09
57.667	-7.41746619681294e-09
57.700	-7.15255676908555e-09
57.733	-7.15255676908555e-09
57.767	-7.41746619681294e-09
57.800	-7.68237562454033e-09
57.833	-7.68237562454033e-09
57.867	-7.41746619681294e-09
57.900	-7.15255676908555e-09
57.933	-7.15255676908555e-09
57.967	-7.41746619681294e-09
58.000	-7.41746619681294e-09
58.033	-7.41746619681294e-09
58.067	-7.41746619681294e-09
58.100	-7.41746619681294e-09
58.133	-7.15255676908555e-09
58.167	-7.15255676908555e-09
58.200	-6.88764689726895e-09
58.233	-6.88764689726895e-09
58.267	-6.88764689726895e-09
58.300	-7.41746619681294e-09
58.333	-7.15255676908555e-09
58.367	-7.15255676908555e-09
58.400	-7.15255676908555e-09
58.433	-7.41746619681294e-09
58.467	-7.68237562454033e-09
58.500	-7.94728460817851e-09
58.533	-7.68237562454033e-09
58.567	-7.68237562454033e-09
58.600	-7.15255676908555e-09
58.633	-7.15255676908555e-09
58.667	-7.41746619681294e-09
58.700	-7.41746619681294e-09
58.733	-7.41746619681294e-09
58.767	-7.41746619681294e-09
58.800	-7.15255676908555e-09
58.833	-7.15255676908555e-09
58.867	-7.15255676908555e-09
58.900	-7.15255676908555e-09
58.933	-7.15255676908555e-09
58.967	-7.41746619681294e-09
59.000	-7.41746619681294e-09
59.033	-7.15255676908555e-09
59.067	-7.15255676908555e-09
59.100	-7.15255676908555e-09
59.133	-7.15255676908555e-09
59.167	-7.15255676908555e-09
59.200	-7.41746619681294e-09
59.233	-7.15255676908555e-09
59.267	-7.15255676908555e-09
59.300	-6.88764689726895e-09
59.333	-6.88764689726895e-09
59.367	-7.15255676908555e-09
59.400	-7.41746619681294e-09
59.433	-7.68237562454033e-09
59.467	-7.68237562454033e-09
59.500	-7.41746619681294e-09
59.533	-7.15255676908555e-09
59.567	-7.15255676908555e-09
59.600	-7.15255676908555e-09
59.633	-7.41746619681294e-09
59.667	-7.41746619681294e-09
59.700	-7.41746619681294e-09
59.733	-7.15255676908555e-09
59.767	-7.15255676908555e-09
59.800	-7.15255676908555e-09
59.833	-7.15255676908555e-09
59.867	-7.41746619681294e-09
59.900	-7.41746619681294e-09
59.933	-7.68237562454033e-09
59.967	-7.41746619681294e-09
60.000	-7.15255676908555e-09
60.033	-7.15255676908555e-09
60.067	-7.15255676908555e-09
60.100	-7.41746619681294e-09
60.133	-7.41746619681294e-09
60.167	-7.41746619681294e-09
60.200	-7.15255676908555e-09
60.233	-6.88764689726895e-09
60.267	-6.88764689726895e-09
60.300	-7.15255676908555e-09
60.333	-7.41746619681294e-09
60.367	-7.41746619681294e-09
60.400	-7.41746619681294e-09
60.433	-7.41746619681294e-09
60.467	-7.41746619681294e-09
60.500	-7.41746619681294e-09
60.533	-7.41746619681294e-09
60.567	-7.68237562454033e-09
60.600	-7.41746619681294e-09
60.633	-7.41746619681294e-09
60.667	-7.15255676908555e-09
60.700	-7.15255676908555e-09
60.733	-7.15255676908555e-09
60.767	-7.41746619681294e-09
60.800	-7.41746619681294e-09
60.833	-7.41746619681294e-09
60.867	-7.41746619681294e-09
60.900	-7.41746619681294e-09
60.933	-7.15255676908555e-09
60.967	-7.15255676908555e-09
61.000	-7.15255676908555e-09
61.033	-7.15255676908555e-09
61.067	-7.41746619681294e-09
61.100	-7.15255676908555e-09
61.133	-7.15255676908555e-09
61.167	-7.15255676908555e-09
61.200	-7.15255676908555e-09
61.233	-7.15255676908555e-09
61.267	-7.41746619681294e-09
61.300	-7.41746619681294e-09
61.333	-7.15255676908555e-09
61.367	-7.15255676908555e-09
61.400	-6.88764689726895e-09
61.433	-7.41746619681294e-09
61.467	-7.68237562454033e-09
61.500	-7.68237562454033e-09
61.533	-7.68237562454033e-09
61.567	-7.68237562454033e-09
61.600	-7.41746619681294e-09
61.633	-7.15255676908555e-09
61.667	-7.41746619681294e-09
61.700	-7.41746619681294e-09
61.733	-7.41746619681294e-09
61.767	-7.41746619681294e-09
61.800	-7.41746619681294e-09
61.833	-7.15255676908555e-09
61.867	-7.41746619681294e-09
61.900	-7.15255676908555e-09
61.933	-7.15255676908555e-09
61.967	-7.15255676908555e-09
62.000	-7.15255676908555e-09
62.033	-7.15255676908555e-09
62.067	-7.41746619681294e-09
62.100	-7.41746619681294e-09
62.133	-7.41746619681294e-09
62.167	-7.41746619681294e-09
62.200	-7.41746619681294e-09
62.233	-7.15255676908555e-09
62.267	-7.15255676908555e-09
62.300	-7.15255676908555e-09
62.333	-6.88764689726895e-09
62.367	-7.15255676908555e-09
62.400	-7.41746619681294e-09
62.433	-7.41746619681294e-09
62.467	-7.41746619681294e-09
62.500	-7.41746619681294e-09
62.533	-7.41746619681294e-09
62.567	-7.41746619681294e-09
62.600	-7.41746619681294e-09
62.633	-7.41746619681294e-09
62.667	-7.41746619681294e-09
62.700	-7.41746619681294e-09
62.733	-7.41746619681294e-09
62.767	-7.41746619681294e-09
62.800	-7.15255676908555e-09
62.833	-7.15255676908555e-09
62.867	-7.15255676908555e-09
62.900	-7.15255676908555e-09
62.933	-7.15255676908555e-09
62.967	-7.41746619681294e-09
63.000	-7.15255676908555e-09
63.033	-7.15255676908555e-09
63.067	-7.15255676908555e-09
63.100	-7.15255676908555e-09
63.133	-7.15255676908555e-09
63.167	-7.15255676908555e-09
63.200	-7.41746619681294e-09
63.233	-7.15255676908555e-09
63.267	-7.15255676908555e-09
63.300	-7.15255676908555e-09
63.333	-6.88764689726895e-09
63.367	-7.15255676908555e-09
63.400	-7.15255676908555e-09
63.433	-7.41746619681294e-09
63.467	-7.68237562454033e-09
63.500	-7.68237562454033e-09
63.533	-7.68237562454033e-09
63.567	-7.68237562454033e-09
63.600	-7.41746619681294e-09
63.633	-7.41746619681294e-09
63.667	-7.68237562454033e-09
63.700	-7.41746619681294e-09
63.733	-7.15255676908555e-09
63.767	-7.15255676908555e-09
63.800	-7.15255676908555e-09
63.833	-7.15255676908555e-09
63.867	-7.15255676908555e-09
63.900	-7.15255676908555e-09
63.933	-7.41746619681294e-09
63.967	-7.15255676908555e-09
64.000	-7.15255676908555e-09
64.033	-7.15255676908555e-09
64.067	-7.15255676908555e-09
64.100	-7.41746619681294e-09
64.133	-7.15255676908555e-09
64.167	-7.15255676908555e-09
64.200	-6.88764689726895e-09
64.233	-6.88764689726895e-09
64.267	-7.15255676908555e-09
64.300	-7.15255676908555e-09
64.333	-7.15255676908555e-09
64.367	-7.15255676908555e-09
64.400	-7.15255676908555e-09
64.433	-7.41746619681294e-09
64.467	-7.68237562454033e-09
64.500	-7.68237562454033e-09
64.533	-7.68237562454033e-09
64.567	-7.41746619681294e-09
64.600	-7.41746619681294e-09
64.633	-7.41746619681294e-09
64.667	-7.41746619681294e-09
64.700	-7.15255676908555e-09
64.733	-7.15255676908555e-09
64.767	-7.15255676908555e-09
64.800	-7.41746619681294e-09
64.833	-7.41746619681294e-09
64.867	-7.41746619681294e-09
64.900	-7.41746619681294e-09
64.933	-7.41746619681294e-09
64.967	-7.15255676908555e-09
65.000	-7.15255676908555e-09
65.033	-7.15255676908555e-09
65.067	-7.41746619681294e-09
65.100	-7.15255676908555e-09
65.133	-7.15255676908555e-09
65.167	-7.15255676908555e-09
65.200	-7.15255676908555e-09
65.233	-6.88764689726895e-09
65.267	-6.88764689726895e-09
65.300	-6.88764689726895e-09
65.333	-6.88764689726895e-09
65.367	-7.15255676908555e-09
